Wi = [0.3 0.3 0.2 0.2];
Pi = [95  90  82  85  ;85  95  85  90 ];
P = Wi * Pi'